114737352135109880106949872380163990577438157981374975701571113625933132037846
74719194147485111131782717601392532423216991859441430404483706339741434118174
27674096908288262310177963402382394871187599216259428785863822791189860111838
103803092690776358837203958008428868448812130705044866906095394039572862625647
78881049747818174165404230070535295585823903370110168414706340725684641544758
59866181108749426618976898127596939798847318118004127514311014136857891769344
17787309287923961295169588621232723400240383738206793097584062023702541381254
9509657843473508426672884285707350141720573715764919957472420269945004709217
64227345803397536476941098193586745784089026501252346944934901940024084695839
15299225631514344555401734278388989315222847969722007356817928349740818425205
82968439068642978869684936126954939964561136870025583155628624403772461316110
68542028877081463555959160197176198603850261146856572323404449982500483505536
13250671023969504146772621201701085416877618043451599896166853236507109971107
69770444588443612477016356082703306908544598797351313302265344177107660167188
59056700479014875282515220747895081472556628413331138485233482342559121952976
81466720068855301508501360071188359298323039210212754161433440793229096619558
59524344257160051799307922415785261409127701594967581825737120702199388503524
74607081394233436246603124190801155169381911906712533527953533320591399849199
76413971895795743070958244770309346403629976543979494130310743039204757361589
83403676809145416769926198340678443527305988241184042713367442821528062505660
19033380305274123840658001440127693467380367914193886577535830691244878109834
94528863035537664695961821060654687811126331628991504931992226534525929689021
21677098087070238635495244519063280724761467576668309878009321110291286398063
14394079855462569162168332718959792506087216511445417093457655456880609929483
77585218599192624076492172164152435290857030202053210935449726802919603704568
25079707450120745107422242174968920838040165618730105295702974253647537407713
5357512524896959969569402483747739981238745912442914595982522515807301228586
20897006786532178985434173045013425538995600248788186954942695487423254902737
58473700529647065338799236499963721283410251252032333175090721734303466471295
98788629765678688645610508880940358468840698524735257095748863491378717712983
32462348886706176269747088861193192120325240779904515852057204106624720753320
16334925899942671291440431387490059635961803174054003219228581132438511027825
105971115099459567960308409641316518017421812972589158481370586245080690197389
101329704804578749965410371762916424855456731759431705765345986107911891959446
89877731208053607683575817175168196910366865633246651091883787799699948767295
82291312878001428868524569093853829027821975385827453290400858363526969834053
24576074586180339945718728651419263360354468316401004642779376315620884717045
5294517435306578713524820626566747977246892817270370723164291629944000743797
107041596927516244369509507890841958935467331902480727824618044281080347391982
90293015978035656489115724033736250040817204836198393461122345747960370009263
85845302658247497194743482442105149420192135401137638545309093781907624282862
26217957842526357815876105344211461446779549139343938031825487975064912393629
104672278534519362749119974025234884703703801286660826073920811427187357717269
25109010394281243389008967374060511903519458565070091805022862004419180434360
73490199540567403413269287176817954609185803626167961675585417862414318299412
65849082113444637786143003353942389544425941304144906407633474632825967871513
66500896623021315174900598220357964909433541168674857936964576884011107381273
77099782893505701770260778323582062542125924168414638138821605725164776744750
14992211768104375986111313997076239346887063361789664513282062526163895456410
15910816655318963073011513508997941661419370462494175576035923272805297260135
103206366874433805877086884846823989651722042207390709887481130904029222485266
53623558712718939748146716624979342237895122495976298273105250277222682681884
34747127544819636823268821140648490804358938014715369168348968346844944354479
65390077155602772914514596916411266341196980724662172073091593767366004628175
97587024388064854251441608970655003859873904994682454725663950861163271747483
37288191702158594161500683604088836093299650483345151078427439669312481446571
89018532313603829534762985357491116246167754651918440695141699520571492241776
87922448088615063528826344803095936538388005651916364063040224592090793836519
59271507958127795542423161818438956597955573597184176454829429243750593432375
44267827641711518998379993931646473179054669043064797172710709933406775819378
105112947986995046880381745368523755719354163302725810876331517231796078506834
113932183258925180865085724789276968221170991117019615003571173590115516567033
100331061277018236495853166839558275241729614732385655741680436253262817770590
46370953513319841334400705154580184777175611160133685633085154672675283675166
12727461141858698977831227130747092127356380501623889107362232049603032202253
47265203895622301448178538375841138717392362834748980954237510108485954673256
32451920568267061022540794783426006530862612146715559512419945833347670014935
62480843391950307706708716589451340170362034176156524671644479637756618767468
103487456858661247569446744867417586430772897324179404543532209733179926962662
60506135098193802279514452896115951660485763289184950246431733949114945167566
41253934463312439437508378143730948214650826757521474799672843292744385750791
32465856342059252026730020610652541292311348720599116028370705774630473322127
77811317660653833613254755698657615833027770549387755915549440707533852751422
92567562283302523180814408185967581113912824631834664938723640819910129136364
31874801935365318124155006867680187008953490381251261381872206167064934093330
56473574324443199328975297238010746536472097788161267103027189992467742258910
30144875459105039904594532847439475409719049064947588187834549980191099773121
20460144531889056088825080405624889129240174459216885194427398943226445680307
111244853210644645112095032451513089747640384443025308520858846375882472360414
65914371288779423082698529729451057692666763124635136841541119053306291959185
64675895671672867577061534230815815105401016367002558680846220093067025721391
8371530209752732501483109934523793857221407891786698442171195257421826844529
9904662402740216785811020899585101181851968099817476680128725461299456215957
69102327886385097699622940251574681660218201790849131599774871821923669772280
80299969781998672088508753111492561887492733642061035159301514377367138105037
34928767131329674653202796215706024222091297541825847691029270084231082345340
31724552002433402758360178944757411434373719982885873246115865126745759109890
71608765292965307546714413656214037230055087460561528111272416221601656957037
31463548029736684304575664786596984494037464241738029703438694519371498683759
63419160891042151628310749491433784541535960527240604199753659797347611018700
113033911680750218542108828105335061537372488672140194533901443961493973039874
25005674459030018197150337141962150202137454128102840078329274036751076134673
54250754328732245339983442433202957683102461809333848854480120861960066193272
65207786442301624520112265536682394087504375341130346015045925740411841585427
55702664653026133902365586536177733890001396185557227292040851040870281886285
37331799728234064052072691991038432927293820795953268921607439075190609383672
38897468712046942539981293486726303535386571671994265357903179929515743047814
112223481618646155825979818776185332336849526892759899505992522510583560652433
42489388825204606158872295962884073920283269717013277648504699606486428780825
82922140574622159317618347682767790681957852586311308771444059819153308255137
104996565490995285103940231606717317738039445432108228779195349312657388372306
78861766291246197475934156938094233745130832170602904941801262362689770217055
19209061021761090955427723341696899704011410634263200321412708859252214904647
50972535059922682281519473485151569351213129574660468971883880716128408065546
30979151944865797053157135570779042269490086920371699269924893549455530696186
58238521182887925661797217055718947795034130602176976471276144996821824968614
93142671773897343750057878437348220806985481378263655979484557209095403055895
63894148611625513577873551201036860618532129903252597630308777197881825310134
49588773865424900147601004202701604377969262898570699705161282256539485803455
30540377964569164241810345870144259972784064578089793286250629775668307656651
37739592397825286167025405852297639723635797241474453359360851407493719113124
88225483858417432514307464647560580685938943513000377080686901002073202304183
74398951163428632092995004058000100845019364986217402314255856347594483083610
103951496241518947014086421054094969848360706514931703036045107392559069530148
110144649936389923927568652215001662421154064108924159155758388948196456664070
55716349616233180621437225732371768017929898068689966545985302349611682673497
92101597798135268911133033569782306579342817881228776772665741187600714836942
2613695811119137056593040496210317380849663223158174497593518156880598254015
71712523872589133585796035340889962074495439185422915896289739098323770371653
27150531199592272283467204868251529719877334214558384078542566220055877628251
48200767563223480625484477804689713796395378444952607427455313932482310923486
44310987005703157349305902666511762123968301722540429604476412468945385286153
36720098027156591405959649177998991424840495389799357443559236601767605464222
38925059391743982781823701026242795813243521508168239326454648337895983605587
103198857387990977208341778554944733000178837427257164262081195761365330704989
70633301011482472161801355767503745571139411339119681112444820523525230877984
106215136087520828004944922650955280942961710205286169916481346634873176639337
86203302312954270503749703856810320375956216338783653932803483680519136624557
58695057172466492859578280082300858652989803451625386609338875155311066740718
51518956542709142347546328085633655921759207275725394333292487498191366351617
52380137897806474729527856038441071506867256274128418267250356861480470288747
69190331305044797735231097564826206211400787282932773427659177502599307849977
11169141702465722718000254418486963945494873608144332550003439653831004071353
111010202478340532202301754513560155188987102122896625051994541845025481340502
36603572269755037024375702134628336430709468516996005483646729683368924953646
2829815068036081313259066683111397058535778344159096529273939580625038754746
5250378414197300102847346300259247449457362595392728511752555766104700142904
6223662343667034972092139288216093057218314459907460973871620562155257882405
90271145750878095802910618688715533388025438521425161753342501897241120237529
57207235423578090103652832779833716614554502800055180269592767620219826443487
38933133435299174145206143666783484158854444492626265959795278397190871236382
5321872691291189458582319263703889421546808605311140117544665211245124583915
93574617462236963297976671663748411169100957997142233555280256457202161096392
104611188931953132089668497244635180931106500028864271582968706474299972282508
13893266085568275570112887266948963427090777705612337804433728916762096811728
72461099287697614507848070025624074274983347130891468683534579581342787420205
88686210593347661460320675018502634835689432451017165173581624823962319324903
93430125227681464306238439023469191334943685144058000516664193736736867292671
71280029169513471463360444247448726365173290749743421089259581588908481740027
6372644410426749971701876753360981552626815803447310240693735354291117700601
77250901341222258203001383801405882416120695120405473033376203215979900247975
91243000562659499934199608399333407601591256238905549812451272058792402259376
109561962693223125878778441869997227499152289709205216404927538272929900288134
59334382237193385990469186922628802145205752450734979619746762564970633378073
50504269075525900922447131852479878771947720471850940216417161029143222546873
109121399043646870427777752746215007873055963333398968753596503435759936510185
88351360693741444050095330624702677358011813013957059567781732974483218804996
66682394954218641016055629957683982700548318630769029101667286182444374810055
43315261049469519576491096519877920324887776889860546692603094433921707661773
84375762783529622168057262766094714622065516717706973268240165657126865745834
81084891481500529171365022048174370724876620279554386242001359966368401748340
72272307257205584567551936881010693582344876888226693816373832863570554359797
19399744724461802250761075389539508138434563863634449305903213812048363412234
24463868359941254213951450500110339893423373023290337428991820951048584894696
93903714245575494178963116295244245501759789482152967109630268389833821461478
83963637247606799467653515666292497758689314719736207994270476619260079515165
48169260311792296705095970752854778616469773902938269784803768267740077081944
61373573081475662437844974377588577516788010844547248884459983097795025693515
80107330064390758677470247726779541048173192753775350794444219997623248662507
110674880297466524791555545089661981105812183773428459512528530610830793918500
39771779014491531255861367377577586880059861947351186520792320015103273395288
48994520387288724838452748957426382164392736139707476948788800034640565341226
78514700911766624219640310482489242275417479084453851812973842443814189828653
60879478860762871419311532026086226251828618852939107887296661600828828893094
42687660274113595301361065849841130885798571424127860078175530749275640620822
22979992608768875147784585295183266605417182110397099226572459225815804961584
32830561952480150991556173897386857976303002981599221027935465195077282101959
97062167092582707947511265118060178393341502919205847038324707969264203802536
67002008595634425666772003566399437150635757105002957246796682771393456476741
95866136872370187928271019269451498206146183609915349539990648598321358822980
9264303065926056586492598604016398272576254303629122594725700701047592220103
34387400127167948801832320738009359627031531450360634861536005227902157968679
22569823598460526403462758872198676999909133448812868435254989762783767624755
53553726635268759933121754293478974345202063001575038964531781412490575645524
27408767706154129027734993662510224377310567453935198766198015791354358039227
3942079976919325727561942420876159082181649961147227989573397292231600233307
27361831429841878399461951435924204234937476396338376048868782555541794160516
12618469642459843232502536334475382982275722714483643920490303428662254574446
62781984328719071462636360680274009720039937852985009359917278041240744101658
59927201089683199983120454997794357105218473416511539372108714241877720405933
85648652971088438575372738231058319227817108484657658431413149753343950751133
92280548812213011915797442967053199256125549343268618131776503709876434614851
18531155699920844137689331725560290098073191324654342839949340256917790038221
24620866265472175280309737153680151696034559402948905917239704048985493697057
101379645615454564552813301074985956340724170689742260457540990672553761515121
34806511515069238155710360384434319491932191839171972638465704571305059042934
3426355747613975727697736416803711107944151823555877875214867310242793512427
44098718212781764025606909131924488722685866518205977073348441392037229223082
39955159565799604333885228085262809143457105339525140829334261426344799237403
25310367557750371747421164014146708403181435707093166618486807918843011585602
105922043806228506206593532535300525829288900734241993733143121480011862535917
1447213282440462294955139329596830586500541944749317033823834529179684472063
21656437492459036373045332179135888229709475818150609160089959840146940943210
70225442531496763103137135320158473767460412197650456241080509933880675137115
85191074446986586921877998650557416413559886322530014250327643795483530412534
65334542766558498871359488527444643208899281482882862148958984106255303170779
68277911115148861578767362605832368636447232227552331715462804812339413093704
75295603155605342722113541706592113961638007825112284799070375343401099947339
70239181419405536847995909860664810032722055051131795671761206720577224301999
62222081667267107804938311999849191752744453832968042017250271790327876700273
9245495363862999412351127715766922679151274181127840179399380953460741058001
11328893121540344970267373340387498752026384406381839218067815872637613958297
66279728769064278086657205265372471020710220149563503280636261074476535378399
36689250411169877759618728991644676649471795177603183804679526573788412593537
110069016218885621541538828262327557398652128421349653842497853660766440502820
70154391244737789474673083973672854937989422972790043653243488422385534549733
30711016376439163421143902872363132307216981482518996234220255110555254873858
2764419214095768122155087457933208600763285734433438302369756618416355700829
115487449594729866660602855580694121521085220190601750924588661924416680890884
105345694878197261985676066872470823243154201265985550939069281017958284818852
110655219225968740350424280931791250620748478052060819815774642516150186349006
12174009286332524374035762896717255755295935237535286312477526602069788072370
35173065681182979586292216665447361637378606000541318678058111335720533978550
107655144648024124361984522326519184445475806278949985324374166591501570690259
8406769027915369987374246171004335936712629625937244684112269511859865471239
20302047579493818483183550857805508582985841608441112620362107546377459195941
17268860928870189622741990817336623359013066925832170922417896371745347014146
102648490982498724862322208135201279931345102847225778825416275070111464557308
111486044074982910574285482729131888910715746831660685194850945697227739200402
11490574595307642296890159987751529184285489992327175978680425450129390700335
5512516443096012145670753108826061205649481047684504731766037932175154350990
32704568877419270818070926306103518561669826289664539315650510856866232766221
47837097869296379621312929958676048313327538553253483711302230449534767057717
78923956168559081418135208114440318538406786122969350845198703739291105553983
26612283140537596403602167309830198478619620200091725889984529802467030981328
4255932006587360995722669538575461107471603178346381627825969520766409068318
108890561323522333082174716682658229632326414186303135123990416299431434799674
95965463645574527506280185805315815492187286530008626756094038531301659359536
64657542824618123038002675003466270729982503152165982244415373368589367456060
58494092922248742828284051564790488033168795193043096418958503784384809518161
43586886412945043488941138301252286793961548846445523944396737816851800380344
51909185221939017314970781258029452164154631257184141432968862096127226313265
47542786229318072294156379790199913676803624724725272782584712547270943230000
53863884003668413742181356812606135734475465427279073709316133504732132988047
38682503612026746968564480807834414070730494304162782385466330631336923350604
27376581892913545198483576052508589078497306844581887158649381265254423689818
83952911476363720645377990663937769089602233880326601565230109859587062465087
5785866912775143964563391980497622220142087687693083656214374778693804999960
33933477934941876394777457903823566610470802643184479679268364928362321068972
100403020144684729485334710656587408446645387188781659208609938509880387140739
48704512795421530873986182150799638275631578990911514550777494642559359767028
91515664429575097159053536336357385431373812656113942510223226082645957825719
92644244426387740327981697020773185468119353058404767757902597310509675618266
28860669402531351068528145903767242937486296000282015188137677212709465095850
57765382014042727930782347634666224256554100365787267062208113573743934649765
82893972873942709235840541242767234304339309684412525539092608543473450457323
53175764755587440357205861034693788888147628914664104932034716650977808477324
841841260837796848290268403885215484209323878648417150922634206973380614847
110103474666644127029508917966343424481374946378949355050380142550182193834824
28842709028200835353931225658355092571265701711706108222551861293238000835465
69524027358298527095047565666479207184242809484788712258780026449926425821169
62418396241193947896838555484002548105982080359824089070478460234073012505821
24891330553335125003095798179263682569511036212526155876833382092724098340705
99620482021780744261719163885123807622616275300187037687662768991843428553012
99315488497677133642002415335232607252538889445260939686107455183986851881759
19489728407915199265193514241799595321180526184471056512849890003526854367341
72910751412839091838039165243877752399581557837911459589514415322040806014969
78264365409731418960859425439066708867975608189834387820353444425952862755905
102325668978596280013511625964184487817423025846470691883627060809033503448366
55740575795789950079382984970576607263607120623594768451127493073321574696469
56479809483607668837879470306033089647261324424016601636224948590411504622426
82420847652092320273152229908685920145601930283204775818619306591707070833023
106064185404032537799098384968890509553574728840353760498019729311842260565452
97722511387333029271843136319960455195134011016046386088047606035598901709037
81678681429352368849248072712397287413951382928523609066179470581158468304026
9768651670468365424546338488255828557861716729485708341456603612229584565
112701605801792118652745795305743912425669792286147835608044181010746083697274
85596403133146602906016035099340624078993939817660185640674322927925632372571
102700724161816648487471881268239797017955389535834563311051861550217582939521
8577567586241978203605310593278138540566059650127607008757620562993200554024
107124834006034932082035225004413672958337090815269047044028217351980574070150
51646194960129541662803322277446148746054540169873778458308893061708811563580
4194271885448514479133653603963693911009989054481245791535465170123381785236
54562970776992599914322192570892430461969106474430035493803841701894602543373
50395168888364030375563995470761797131674298939785921879803606663662939129804
20521188806373632606402374753816490697260722724943859903041051023369799184422
5706365967344186826490333554841740478369627436824781628405824330198832662648
112047271409660981158968409527679128548084501139461385212945657672528010651419
55909729245213232597184230916049281405182639289009964585970183576980053288554
100839904545291403606019402233752248886521890448673771381299417135507467472669
26229186126337555840233340989269557373077105942485159545210209999519562258464
48334459196208232280000014675184177063084138010946322823507751557612802813355
100048833731690626329766920392946748592796844199501644498449533241889618413517
50081459560453225191257504113926224347502247484511540266150711463412148844745
91459616893060029935902034860561244985818498859993573235209932286394336607925
17854543455531928587659535992061644842968878497164135352435381983319713575777
3018163663212307506681091934947103969691611671350727999423485277838327242792
18928409986091388804645668518445243218314788429174799854824550776570414329819
53038721283365400077174946939332678675184963683294472241193188389524152402899
105127020893676414581411165510926386418200856449063396370826789225491878479263
10955291403314719439562006426877410796428234426469577996866364007514658041966
105095449143808477303343819674531621556760695817583174925220664712736245139592
20072742489548759891913446996857584163169815278142611677434829671337205334833
103627908284560174988985478308176011991483439885764418603913937820869708458814
73638093260764699475210155901557342334031920079972483799956540372943003443970
71435332216882930905207863737774798548351384747430469765942858785130539212974
16751928670781576787794703180068568607193369285702120606987693348331295820763
43973428307802127649044247992541856896382489354556625621098285170417292979393
31211538878980408313445333325243578294090078303254668868190831915778584915175
13478687021344958067183489485934858195593144396637107038819777981575839774278
79621532342207828106478582891721991030386023161191026285358809009584222301162
113638457336494668848689270588535035749048464957070518185682578361733970557187
92224424762956741839352707169557352909201263563772171898593247484258984297767
90402009468442035897638404442701041498030843884389583343689600418937667687336
16832951003164676130747501988301132391281160007347435756238275665374722907461
62124538145423859679049933515218938462870710264442437479743629489472572412177
90430460143385076509833358359311487786802529279729374278350699018194599001753
86970088470261301907832883358507602738174510684294066904940756430245612944063
74315974378226072865866105134477173978504020848794080440980610590896519476326
105960257028106099648612023270665233259245297498025055974560605505066463513751
38861632251809953145424192065135340053673308175950118617180265341715409992200
30131079489138930155758325114565629496753526659749115212210180610408422736081
3672513987133735190292941494024974718992727275649419699580604045644212915367
78815326743051078945152699709860310473665633648932025831843578542358453064058
46260863316466057825131960614566842033511917081495855763272981225977217292931
53441047431216440335951301449553554664486813539149684252309122837105638537221
99107265726040842832263793784221329045914211411546995561772401282913966934214
100212928807295217725631548893278520466865906206125687171336538108951265016361
95302715452675176914142583098065046415734527780287090061953561730202521138542
16168682366366821092299193655612493573673832110747473871529343472361911390787
57493048167300731197417001184497630982632273660649979849459988714442774619494
28586302660769124932756398036262489678184715291751256015903179925853043757467
83903736573261733918749303962970689345009365713325978196012518739088411909394
103065311580576679002812045458409553762015647027269517649495163266558951425096
2173158840883832399439471255405516394949997569731409545101863222422335738425
62112004519377135811619602127316215118136875564138412084062960952879937841480
102976755104645716769522036045858764960078296358393230732821406880413680904075
68613831809427968237227966307062529150093940436897039119077950571659183372183
83461610874348218840095679331714928034230592188078546377121047226142073908340
53433740122929404661788786719843900488625431538080718520915008275307883306677
97776408397322685809209203222665732805229803039936838500595558453622181227453
72553061049363466425558401507062903112991829746650086519695205406279732798975
113684287980796287038014800229718910159735610040797594381642108270796773541226
25258660421712533689776017985281013080572427941123828845309595445666671600595
2404719881726372314707486536976658276489353007590120529900376319015393107371
71570424415547998828987933843569173474345551560565641677394393922469340445563
20533947372391625346999709695271880915667709928923127814925930982654844715296
46625348687557067399197237498982514457221938669430489044902156472621206906316
71918053970974350732890213380471486551216030900083374356303774529112372087724
46936842945879202347030946239510965929261289474123455536319320646702321111322
63168743757474144747751404799676865801813678404489307401576972260396235922822
19808667450110181894500912866133149745595853222542292918562322513691019308904
75837391481330660607558680218972095115045058497789586071565701625264688895190
55092482620368208328022759497494065016216715765261507225188594360984611661271
52849138876478477861242580598281663807656924883582166534411739920575493907368
47213678221872512602083884593787846837189033395811185845552896771904192384775
60857924067551226592830786623348252822147499416635578227955687046602165470846
59038414374916741324343983328228316427989289068833311957032117376674353034620
37692026903399442859143909322656666829476215061460642866853778798141389248670
88350598382375106296407582976217107566102959145501229139819144688930199771565
16743541641831229607497718816498029352598993321977910546167396070352772587447
38485687701021055664085415192492886528890138158353859041979661812398045164929
103773196729135418191025626120392218693822997480001464028840257917428240596664
13261198621787457114645914822337381431027968141388419944728663209309583198092
101937311251305079939832512498959681709860584448072011852449033685989360497929
96562057904340935495844929880531040321834096693113242567840231984755363600230
50061795892729592915662308271928380435872915993321536653013574367206198254722
73032940106497894880958288203185621752710080534938932867138418808331170782831
98790717332855836469429870934241393875134584202794011445932044109782075980322
4762173749663147609872262174092303352760096262218246411249120657378170948228
108438805879149877019886389955289350197204903569913064613433875080979344148313
26348420420609785974520762505689745800923291038821351117090336650343129033475
85282946847114963821071701289866532299235076741463667238633051714601853621625
929084117744180798998341121039098904038868632062244698681061209616247203579
90107545292609805540152789650762578518994122262771841055437263782396137128079
46090490482185504427110464016225092459789326517809415000861289935264108842550
90350016470533340770263119574507896275754689834873549694811283450697909740194
33011283994269807352734893326226631870415544433855211029649223374686902770977
19034554004327382554786536646825240660760147220543936137066189307744290554065
58296162898081509016329771985770591930726653375651526772564919324449665369066
99075870619977841162701363318070001640109977973303740626561471021538584697246
100407592663764064554916561843339690286061654403143367223079506991244013796967
88698795395124656545952397201238322278548394883097347896952802671313892108309
13062318547178555003310694096984355451364702589072267463122806011577739023867
41833216556082207915777635356987921489691066477737844369475158901577422622940
94281422945962152490150806157635138211854868292985494811246701885131891896723
1727324756874516487319993259327987891791070174196814814357254650491700760521
88194552454486575716834690272563131360144431422299007994103467802708096848629
108051695176413440971245876117636476638975505286861899610649230701397870748651
48816228672778773738715351309268976538525683360590145632948704673104710775012
113688527341422773798497500500423466364265364541436304893759163255703914811121
95362425792435980480563128565770910697407636938997327328540951184256869629989
71567488590469443857496688813239787104110697224564833278292899797064885995986
2428814336074905221405983594155417890720303608871844236289919276364852346818
99544792033517051050989409997792741287816069189553929524790695526424536937695
112386891564239888920063004497680579727434165158216386514164517967572022591297
115152056408468661391442396444090811174541741831471969341083460366580502600806
38215429353358064279222524246754051176437927371620554249358208676315270280643
71335129736536934124896832958919207172313392218712872031801554824092354816743
105417970406140330412537637184788745603931126354336967492056959241894270227456
68067744548904726772709614012297655653902006859995197430772012633788455412634
115277725143357156021526700073394436980507906464895190939032607379485743757277
103968321528901835275438486891523374310202805204356791088313820846438728425971
17588170227287315516052368767719636688765515464084022665349400884567163386817
105722677569025259682931069114118981416854963464399695283548557335516416446014
107328449403670478694096605492528594571149904540593519284602300693438019716030
55256395646679359689001694045011054315968111027227056546016933694379173136089
51206654996427223043641612045508329511094499975972736127978675573516929482631
14610453835040939815590945380477427016464105133681648061379779955919062724613
88541519475506586445242122868678308648354863753746282510191023851263979195052
13800020088064154863881553105170116179154184307137320225574103794883387473921
41640865933259920551347224524071239907066337406074303195370322860523497853636
3938564479084374228024575590092160516164079965000401434485917637927015736697
4395854761595318253192018992691655639107479910865905630422601717309920221107
18852569549013349943650751292894453336260624500092878394637209044877262354251
57784200089365070303587778909775609136178520808570993716222641349562809862904
91581163806551408567378368428979928177713944113509199240309726772142026779107
5442378780846151175618222462825536134130256713777665005575323119235413353439
37706991566343134126257966291400058685922306542172853147208476045601220011409
2604036192798298126175558321112026126087236738868146317984629700077240295525
108035168721730054752253441529635502710689634869889859418921746247257484048185
98197164271810562959225136205718367540470288967965306400615392667373422457162
105379395552319621456944543359082612492503973615807050283940671357603984006544
11810925057558984429795438999799570731952971297014733958967124853834300326071
57789836641459593860988105121094165649082835125968008273335953225157101075590
55678712722153883091744067173115629852303900745626041590921470941891029175976
72718960325562936472990839057770885291456458549081456613766631224764252180041
99006385540073653891619793101316215017378778921783964235603956355031809302963
101351682541968980527528675021838077956410836338030563827473442181827884378944
25178330630424413017378736685657080807118977295641878760936539824103504515959
5705934201610937321168965889135980526896304531911169118959878617728142175058
64283183499094016943790758866876661908249178419042561164416168044696405407954
110734319423697853400461587866107050987707913627414585118628224183859971521207
1136166936048122363068345045996696534667671054004063566539513881337598052481
37724727831985424013740614551185153762166937577646486998710187952042355140014
27594839284354253213146976386351948425754790895995371883774261452157894308770
50315296229491949697048636519023796717371441561377784886010254910819667996558
26274839203125772386910878855151559509243155223595935846098791680896266186111
95488965553364506268327538333944996880725953392302924319670091037498959795106
107315897737241404167985290582517202209361982198988858462309974158652690224085
22461657543789961602529112156457201228364410846076971245330289398018277136775
15674760316485095766960543636740742451479531087577253135351676147360662549461
102864667646357356939254191412461351995058653694837543995189889331734418395499
24222534240979755264748629761448287252217024209371183351414532392920557615716
66067366712766729518079359738045902571513819933346840012433512059565869344949
54104345727913926538183071131099005881433230677214258797870248421346920269807
44389351057430978774241492889718286062486549487388882374335650108855082748840
63314081997529756778678796545233320903443775985556687738218440859207508985393
41700823804306250941785267220408161985721204364656934898006085117227635714517
28497962907293103754858805273656237606557491778999571037968523415441703572347
99700366324435777827667562557924357071736818813324855761971715609396432017472
76615446295685857643574278174420732704277668862993072403269034386440489444820
22097024194159373166460479223515997223843442186606400938061718063032235270848
6781615088446946766040270760508871141274540693626912609795839519503033077610
18625418192726350849896937308716839925338620188561862103853152396787297914562
96548189339761595468244165948323659422303649157823024328795956037628995670883
19793245607475363559865942155949730631704855078943751833633412037402088896256
20644299930592152233368848065449278144779727327797418202418366418523599484454
320867782976784684883702628027308655284422388044142628845589350940166356226
62528777029546374947560944300023574142510091720001167434074680931862614079776
101479070675662960961904809865405443012904176165777217912491083370231577646013
84583048116581907058733127955587076699430569366663290482898221474957989473688
76457611005119063589775026876040644578292841180761226181116691374838271053965
49769468859220540016183051986652679419640251859473899173545476117413788481125
45127634944282329424720022252455319244111846315178300241504131661761259489502
81973668052331663541968899664614472926484956025463747691775514555577178528527
106317810142125724994336175932862412476728885625623959622020871068540876796855
53739293023902369508013665151695143743183460506520026026352425536523706864905
108873134701801094005102622229318572014426850671328188444451881580326738211674
67285976920016739477754070303763977596833414178200247971066449858372976406235
74405705806322416210237002405346618611965552220032971970664132968939288735326
113168469983363508309228982447354973771103532497480900720561994598134500716338
25675081738278627267957088913062019709814406991993097760233669276848079392801
57538456881723319797170892932869137319092126860031415489585743688909210377942
105527072071932831790731125084832987835886070556931905353267446759055360919186
100264268618897571034822768739690653548811924658895827219374200221485495343959
48493942005904620830157788900198548215999341807239741132985136036174078036747
68240904857102698325092235634937328554581855874935092235250279387556470558958
38091295040571370384252183222659296462119967746994252392747084632891572489861
17418845171639275330185413060352708381335650738231592532796571719283446018497
100242702929559300675941584529029587348562701079320149662646721387568910538328
16077583062018113713213822446764024865488639560213880188400022082349053887770
44641478682802352183211005392055667413639480731054560782105080045521920388437
68291730722844487519379995799198805706281733343842865688288554318996890524556
59381276133586348415280943462393248401755447542895718814469780716453597820672
115293979692935165602307671951027516344218734937044244802474022209055256907569
28593218384205087296568608890874122698298143066401370860233536830138054880844
92855030047140068188706236219490589010400796907201935657740304168048036011688
111015566389825186870187670526799517962459111462489441656782253750088519372092
49765064163391399492195228506291977082437980911937972032069140828516010902058
65614039068732557132444202952562478803356939134222147842124426779149940745629
64809153702041501549511973208351710145781371269468008245428939208259613421608
51328226005278351928990808968448824011840715969973893628499408559005320718054
100465057701796987230422150124095984142090402470527208100477718172891973252968
77883090445106770744884059822115277177068674748146323342634642682421035904763
45212932528749811910278296081644792538772296743977164155219091585725932618525
88606479540185048729404000220366350496895294855502126137267984832230004534821
114683199982879202847368163793383218842009943058534460086462911120433381013108
11852725478822219490917925526352651650694880706763231783806476815764025507819
79955129213257140122683763715181301980061563500870979046662430508491215024309
110711384172370110408021280452044803363511479172858773426517642031984570387407
113705697499531438980090101203338579629567483260004228530968870241376723649537
50915617533506707138775917252403718208885139531779415170595847171869204838254
2847071458066697629050631671954129427956148353609110339652970697446465834317
31607226035508179469890082109939787528726051410979557193334536306014710214950
13659004654284562940908849392206614032685604399147744178587295380617234636902
92380535729167613816506778339280334120624494980438266096742029597302730969655
48534501782560691138027064600512639477023645104204713185116805288945802955909
38060187648776732057660723925802411072704054971087362106904032793463260411780
113322818896355550815395379773020463173641302983922457828233070959164893950790
34847712228133940010432729690128635276975837316159465907035916650766135675344
37417907237329743686644808135698391117808818494748015201031579167188068073111
13004532569978974320094042084606994562399951616108813447800725495108416208565
70667097053770573327088717635854237724889893461977885004946783353901559341259
21396522036376134098379011665333949633838521563570307202229046833878597765766
112342196900529223704980158610039966606334515944143092340909216845257955512071
76728083317210647268261164943332856536249895132339611468733053028818245941071
35115061942768090134739317543733579799250139515979345279838860075760278538358
36556490928916848124610410757273319747188058514131181574399655846719049300093
72188231825090872368231773939517038570888757324674543138156244680904106223480
24454797235431072281514079729642880777223684065605114460259714567600828005602
51392018577202850524844511702456922231221210397262407691890410170001676479153
63255432297596474790610109379523208972343289289308962878909097549049772463051
32609014580025619631892147173433119834934376171175445033192994308819740588465
25443303427999435935073337720316635284633943644226858653646146414449426446299
106529017755159638169112805890751278468734382835056861362254175272245636352119
83401244702292883193964205920985735719790040127489108506813638626678896550824
24229082004259686354053707509230837038715208254047505217960439967576516132669
90207125652584146026335249154334119324309218701116663399252659170901414080274
19286749789927066595248462833678424268995063823811090245499546427481652019419
38728739733864292067246273526033220888878946598804772056508546605457348935857
11675386586952312797793929044504137459700776393336996232240638744021672192579
9181311792218874012196627946587597522936616775002228701556963768488395988130
7882069296474004356537652987103219309580908103616187649998476248905639236325
14791131083469423867671580101243421529318578593285749626556959170415248030150
78665210631877976624314091713797384072848157717805243852992531488251213102239
10032251784814273310187834337186320726741952369035707047784695896535631622282
72860055196658825190709930444622102584401149261884219392019864798731207281487
48815575541456891953643610308736928931739446529302545210419309415695837770255
115244261045175396625552855787807417835213114302870601778264737083304891495353
6738007486365874744155102108494427668290483002652412131944168139209805959289
56563613421516775419260700357636732474400083349826664067903969762840177307998
113039645941786912230565016402343589965160809416435646190370668833015016796937
60725710480896243600787097728505210223480109762130007205319982413376772262343
62816716989166273096677632807183098047182816836510158739350067808535185997482
103649473892212959080911789742288163303348182769883340846858922215769221399009
92532786734798586000039888656546196153610432312267089617811409029876436798935
104399050432195339578516987864721765583588928620513453448545303524271620293159
4743179760278364797186824900967358625447321858918681503480637009809849520304
77470735590944046322328781906907767857101375111287986879282951384194226658118
111733041466803327735909211803059135096537970503921353291989970422122815406418
67479730410250058342190760183207682402435611503103571612184363706907973502029
23845003732325640896539509667113829499625323418802392437152490231699514621507
52221979715723110755967351354444842557392025425300993002042935126211477638203
41462607516287497696948688992407907313862077219193585982880921625665547981744
23875394836107749943972446511576250112383040925336314114646256616957842219428
60384447130898149085781241242418507676269542141508872988536289947433134967358
10054045182027231753257211240157010594955763167618302266629242573053972089966
35404205029478398460404491415381362104504326281870419377231973232958004757924
871381715125632868262892230900887054191565598073892972373089344351650666908
52868472083201951261591452940943126321151719185821509317497555992554786532570
109067321117749752395518644980319241072540740813695090959094549804193037526469
49629932354693371194158176361967260946724694485198357596432881227590236135089
22838875108663593076418736164960206827420924462293693197765422408552285480571
93538449614575776403624693432074209171308636259686341018099403152598344074358
5546252010128358287447895724329221415443118253047852448917300390830585269289
82804759694947659887822469782577877466949593766173756216431569563298045365980
82960469955395080814118906479503597298386646108313098749193101105485939680220
79173725774310281639553041902802966733146969920386507821257724837871115835636
1665295352801334340315120649972299145275777620313056024879533820782812690129
32354531253209457678284745633984256439433734910479195497890862272405066753849
47908679326949155863102154351118098180508706082845753479956365642839143410077
52010735573615717865986211575676258519953918031574423213317227823682844038480
16302898179073508529806707903155494969730107358255517952717924038587439559363
77724316891440055127786205137262364679208148715685009686703430668760618048377
63877114091483237969077187030714362772299871272569741674872904521613848414714
104676277388799594427571322759941135742347582544440296034453577543212516992636
16383030819315510071362393623369688004144238095248112550833166677411656604330
74461681070077311771347997122026346410162253839440010765174136802367433967041
111951023131820703455042508939445339215924892896165329332812645144336556109002
98334945456642958783495312835995750638621659243834657629756312951292628269298
109972638472584530460298198942518460389408121667399109190026840790947590049299
82769889534524541758942317171673612321779677747466338341967205226232873473716
59240541881412091499888366141749897564622330587599610072743694402066651772520
7503444449761662021205369996845794469500168845519062155652967280935298071709
108007070478150613951092717564731394673804776269245188252094848753859319829870
25917938181324035334596506611963391606323712543441333337217774920619662461963
17168583203614923651902847185994660556997486938068259771665449882674039743383
102321062907059630268384918524244212113945895012504532518391245181489019745118
3718535542149758569711226239793470235983495444992194265631694892639916952071
83684528433984798248775454504843396220685150855392299356610292213900167074913
23708680267569119850197595282414571423725281198176215341257821895916483312757
109983306062620621220452158315954202075659963804959123718341589947743182936118
21866352217081621847239176996297701017820635260390150154219533198120738671919
64316772328297193879713783938515848186383690059662499433149263200008749425414
62110463606614187564981293047237747988696836642276256125450466849804486341225
32991572890333125634234621940555380281827868911714688138147044881707213657105
71710389227150981067681684668347806407114269048770573364152081573594805832083
14849787006657608739205977520937737112767124471680863986362067007898019532705
113537122884473482456680988254999594981515334680099642420933967492695268692934
70193584170519885254361707639243075061196784129425958055045509255205390133679
102346552846170127429397221090207665124811951849944273276430035639800310787293
21592658511753562554465301897486978937683864724118466552057243808604759262713
65306525624532133287770988309009068668716337615456987797750542000816193684627
79258723899031040923391358240098610551843968557376857349391772749392701624052
58836801874674731663980246758950284844268437286378144182670360824901157171525
102701423613291200216245400762075440169046320400209572458141320263602588987979
105809725483252843850816767130888661047479044020034414873106887845131135503234
42448104291285749861759767179573131123103795845347487109281095579582915702174
68667676403797572278581931985223255805087493619403614857477403141450712466065
98834189976493331281802271910459708209259790389249348332839097630405443781335
81354271461586411729224047653816151164641863057610238073760801088095394730619
79699529496364158469781037738674503095340873747433736400968997390873783703963
12203517810137327466164273129155158111480556886248644319545156660035596495557
37870627137958805870314679793073243639229020313728310428355674883910040485902
5457430309224488567436640389698377809747551632869213175084148028573248580845
104590152757539246936218521702695724287316395140052477693264305452322294852184
22840898288681831218209708768232338236097723196428874629626904996731066073395
69250634911681074922856274604057306498610152253539991047535337401417762335126
20193705258355678685509545212165203527374070254220917568507004712081683965766
72857619311021808881985606059234530106835374287103621508924075997547182616925
68634332704703869579708520677885757116323474730503641251789471341285105894958
64937911948935511556249130683795170898442655261418551598935316974414942306800
90161395339619824704768987215991757720645707783360352248977572718127843064882
40632363209402051716774537589227633031508587786263103181552758786856877668116
83477446454138131735291689459953595739531930020264879000304473565738382470378
93669086616558997819069902010862586767676673985731001793053918341610691769933
96896310671092949976569490231604558851099219125183215102464089079226045017171
89087932024124243988020260811425371489330176345145093496390843734086682456698
61151865147505995970896464437897863983867609289141774406091636086776996388717
8793743855635795157758284343221098543395769043639369047183863936388618789899
24362468614167861595265222310690681366665450446303247951405126064602885080522
79569544428130493556769842087246399861279761330100722097388020823836821587273
33017401064807065894933042818199518966928214172342031049539385389168018150318
49886325207324374951695945869742471868018386475832100003443446613216695538088
54692996111751424688862150232244648272804582286796646186561942245406514982719
37801973978553210546796307816272296754190281272333787050202002941825759663052
39950893344793415477800606426918696225941800207399292813221272042438973058925
29031818153307477890823973301948634797554524865212968638898531067897266870450
54673737971447180059107148562051897128386026534787858826279941921270552181687
4690521343365163182152984616070078028539078596258223084019499784539099316381
103077271098298379206574815638993255870242796401305475844146162617978788910852
53958719876437306800450166277894330095531014729098291920911221909736312826042
5999531655890530979538739117728917469427021885954271755478586026339741427924
87164726425502788284482897355281748799767900225022503551317293458121675339989
107439973604838287967016706339367663918925489810003388167490441433262846257023
39793645164330808903853989520503408614916988319463786220400821512884135836019
21278841120039578143972224939080053732050704222626370660654122061490465726193
71192036026880455499529650825461320357162061268064106669282855072634237026688
72891543063108935444894364775333163735821988700008764869071465115628432403997
103061648147350359585065990449099659150459644821922413494678881301934454732276
79671147719553496430392932632981180019944842386132136222720702658642421739439
80386700152850963539996050211846391486303158450893596554684262741368715702743
64515664303208220807159433516815944322613922240255112551331332734250258017787
45809437825324657558824707893850867140448481731271171279348854539569484034678
32251948955910023963186959221132078001312399677011606044654226889307132080936
50558485295013063441029731013936712325238187147251872176183139237539525084056
105643875707130026545575510785679779362584473213310431710014544592028093553139
11989660362760990961655746527545217418583699600398352773514983748962234626269
14622428585330820961073983902800043591283198226148257058665081930778142402077
102049527545648055496116153768844017083635906837153413720587137235841452797507
86696586042183440234325033701921412934393522489522192230201804070878622459963
57608255704156657643211140389177053895928942345127959724355732233667895603572
70094070304821160116174404592567291361815754053834285248655436745206430784220
79523796142021029512124588746896079058773819305907441216398540712929944669497
8788562102305839279411745844693135579291151573100344358754900109893585966399
388751224637511661784185630871701671574316581480950877614398606622716044471
54531951415889619639053941791137359020562533963912564790351046817039763694907
2722602288587871083856970036969939843939706556185401030676053396393736067525
32906249400225733064594333118938618078546910331182619364332239544906861913452
8768155047083588472144770572540954611183080917653279130862400886639522464999
16242727880238931746073854219279517192839381735258370383398628403119179972753
44077350539979457654162727811788322273308804189246787337156367435918668554728
100482695904489275161834371266632645526869107919395623233163109296790432022939
106195218863499931277895687841469270216528689623824511088806894157938817944123
81578882257058813887067392926993930858665409037904632423856039489905472085963
95801353524620579419279827561852416248996741573084177812683885884774780023593
9677698541794619276441237936414461145461873109049273763252304018276828431055
106613658641670197197844165820396289964379301947982587494741484566328444441856
16338110471696859552651575471420825435601936696691502823179271659024532004798
90949638728840129975031291624774935228005047547256801224446254480343043690990
24368771612710997147226903719165046727521690132175702910774730517653874559789
78176784781564690199708752827573076816419373255471161761492592175070110150687
104804372215304006054567324642314082366213028421902528130513754335573141399261
81909562008574374036511820183603136243849066355066561076270190230930465052632
45870215038747355033994473209300644015438285460684800116569399717343378164105
98083709944177892657958133554888176346690025878751767953989602824845464764640
28026192229242913033525260762819701655274079338554756292871671797151781466878
15259969126798605965225706385232280489949769183090779464505105916448402791778
16166915749661790339186368651347774406495473855868287697228070895115426503067
38678272093432856230765529022734866690279127707282695385599570650040316442186
72750533044177319584730082729427005806735310330401776632464066665584428265356
101068188574978115079364616875647664248739201814302295513385053600971296949618
84459960434519250539340379614893695156694250934346600165266620504330408463487
26295827936887029478654142070732025683439291987057506872027575450329101715779
115381022813232478264176276398625135680416357940800577514830813780125726464743
9598053326242234695357987076197306578916378753866206318357253239233452303561
36027170339321618758665208581841134246608076617561561938676042246077968559807
53468750871786479850464623529559203304838477333720987194489096419092392350478
110724931250377223007601754987429932306734874420540921825433043071925233449051
35876145220192993406700058312798970085077942755789412428844580480644767056087
30302574891154335732217804814348284447814256147744465561840241197552772615914
79867165898833088997034379174718811084122025377465141762558886023316550292561
17939241510634607433578549342328769052108118685983122330297622415238022971625
108452401580951881089470818716652487161159404029983952735222996143350156594444
20234107802051365307615132762915156057464522965048344523934750777912468174205
28699378249219961112381997699408765024129034831188287149756287608373974905439
101334136792890314103618574512557187261264524783873370283329378147836668177543
99351170095670679685856693627216316803640241270370736316549935991887210938090
83088365714242157095837964258638632629743263117056640850023075807771877244976
48167985540725749111105850757734024640507196384837752445592309001169818765253
6343636101263053235893224735584361343107555103516860490017415628255347561862
23374371516857331717672748284586401578459650116374913486104277647931246649938
1214298886937794307047338946980297538103554520409098169499623853950725044682
45442643917711920808137205219881295398161922045590857176902374456215900153876
68783419344098467683549751731995092256190068231464552704372172599291918270788
56592133412256444881996975623053037176618399853994916239051942967729063671462
9450068921263547717029308105984901461133914095230230619320550943788561662723
23428904868280366537972833709748464639557604792162395700837442325304914009065
78335971965542281857959611820642440962579176287601938590319770184469955096422
73128880475266767787785803351220638477742013595545848917869580242479026549772
13765845896524843515154442014166269544218032509068273477755691744125481253015
111399998053874072971961363126658300855231082603699350581995320272490207195644
4019242071622283173001013832743142923705824958125383536275072778600700005374
105784087567932896496170275677420466374504806956586615744020893946152339463443
93045559964757914637819307346608453476667884897671418968972280754371158871178
113184383365116063936453910113908911392142448391715677431572994966390999696688
34910021953359653264393558704704833531957037962655389583255399560723439103685
89698863367549073256068339715215621104429869509369514098562450732594305656274
97978126316745054702851239085252570594141398086730432137677983108401892167385
72496110876282378363337301979705722367233676444075349086396737237099894122921
83918163673635557423528256031602666223188154522834708130661903745582924336597
96185182535232807011436471956443163433104819007868780809393734580070592826569
41626906402260935167550538879314540949172941229887905285569926626645409434301
43866735425125758523813718777363873080224270141493736832009024949328990518247
6041650640501691193441470935548871858372583795874795009330546762804527345553
63436823654857590664433303766651981031612825706288986430364302219967882694169
45756379221862882296710972429312258186786406478921432790748441434371600591578
91234519648638883248935642742247882238309933117706088214249046378233095149824
35497213636547080059824367720488905750336604402082797722877642646839721817577
24184270428760543344612093948191212300268467476482592531690810480997849627426
100115743863490123858379048720698571370319001031828221573230637235595570063678
83009275482204704511394681991418525659710567363882771063042480411848512547900
8773538965083524344775153672839916688037349092304981628515038677830534632602
16985525799744795421763814103663734377773897799177044025601245720475024196809
103233665325371698359822581335431364616605960826973541965335629762182696849927
17581266816739740975231278128669092835304206110100529054080425105978931242708
29889853658080042450412103690230396391610963077896005294668834121175272936474
89280709719899433029645207344391499543201744214826906199101404794807494976685
43626154668466497143086244502416101328727792026413793881726367982567902988656
114278139478120131978321099164563725968156418784692165978832577949199155147104
55566650046557590253110802581367822793687460569875663415430259592101680708279
104840496472201352999321214373755979989907684471508622500091207131006488419074
32689760840944763363440836595277908617718262536574063431179989773194041865754
34720365392721609782200798561202741496015327180067204733856737376233250843658
20707987718581717760561772224536416666761479183353324498742309379787391272816
51942901954786865124562844239716864207999207182516074169394615864523484711368
24485609920251350994710169931798108026157796117919454462707408014245140169752
50166220036872862678872626775468599946509474057524744083526785469621483606330
79836827823021238924211744068513186827773280659544959529301320434704054338811
63780918489340738995362402857748545378262397580664613184711533106456250341938
352794658082935987278441694534130335101764975471385363029398705788896450099
10015227976266068816903901258111341934355499666255060599881142743526175905057
97928180803373478144469987312758914765462149349578016547568835838735026883385
68776330490349606275443903961656503489296188950683095767637061836535669122603
20590789758281524304425028375177637591552602718322484199086414404526483219953
17085895494713954063847002444180323278059913453114310218168247803791494459073
57677592182689496789827785604705635261825769525007436132462474524185127516500
52764335154161681845281658078078011958340834753070439890300120996656388580440
98585339822227623204610528245458902330768620348527178172077950470191421526399
20070673010385172932019430166758854133238348750344946888107726915140304773776
96717054973698064289208461534310541814435026448829971920018438535033894334534
70842307153174675821880027928099234715651783932476158591124028873833559636297
20840097756014331554818400042605440939151235521813218906303580228746388326431
28633069102951995355759471104296678166301959716564057647461877173977965205284
1733115048082183269622840162520923722212313700951840343864126221444162751689
26378234142888012183802708787036610822143865241116886881868163758580015663026
20053111428789074382446361695083746717205620744429097277512219503301673278658
50050043061246191928420023121384102545989376929376235562483565751681951137970
25410370344107400474183126722295409287241408020581334447588649106325475819085
52075412943738237386213638690369883405380866027805541034093700387959642575009
23160493912278799758465984197706182080149061435550586143429396327901738750833
111777172087821078981308552608284060950186115997236071678242656763522148659626
42300115177216167877918291729258531097915180059877851777930265211429805797382
14590647245209978483602897590416695846860599125862450531375194156225769593252
35966597139470244129364836112473693833337645813029802663884797004607712685047
36458866810216900421498942086975068281542686464647074570537430890697722693568
54840818162837376805589407075004597285333865736052286450272877805603978600798
10675901226535772525021648332468645137393377309092407267880865815997053549265
110325122352589452362743791493122291828588512319548424687604148799653092985145
82207645100959374522413431268828881175410977546144012351616901120797036532003
21728976002321473437452361552247919520126229153645266586051321118246718564739
114359125874215751985345780627368464354943530298378689011987113076710625286182
92856805120921462558830837564511923899155436751070344635439520981781361292001
897189964106351376660959607925360984159701773780665482377064254683331459295
28714120881083187417139923400747134696075150439493175377034209320677761443663
27463061147189642221690175292715933725540344436168465608281368605457508274044
47816087557768623736074405943421017811575346492290897999505569709025782897840
90970993285220982124004873303946256705244119335048694154582708767353736873477
61563754996889464723376213075006667772285702679671132472162819096179480675601
66702866537757668263598578572817303558754756282987607405168172215523133925603
27570179934754459178400847784687706126064933108718975336811207586593778502460
9052046638732020559427480991858151582299504422499573809361774633929079532693
28056659065450839786703920943075880272955712222368687405639756870575732238584
46790131244189136781906159404064728430484606425217687659064075682452923592165
50296722678649319239785093508840556116933815666875660278107012582486599070461
55793930373596344294050952719392327295206609252410884635403403206221221687220
114525642751817751399782405982233241476800774490194873101175501580476342724220
106932544287497410293857676877797799849886322506053814127213775850331225725945
50506673195099661922278055605781203854258252774413240561384368545327374803255
24184771230727194235127007236957446070546622051312961832256990242900231267260
55263235339062930188330513060287644126331982331384664961608769091469850632870
47688434987367344433724714633538297033265774079478814291130995482820828939704
3866860178396446484097315094974894622372826736646458109157096877430568015350
69621944136830605401979346248193166507516166074737612443002805788130850700049
14967885572736118091827728503568983653519519456767634176672095490159938791743
55910891409314588454227202347885167846883753269778453483843605225976623462340
101062621398868364674001504760061905405391382554159048905140244012772457415723
60523927015125216705703540695110053142006127950037480545704021188370040836146
58647708216102499481526169874119614514264496153753767339288645462727518102020
61169373133439803948584065681761735904585261809917785861206532894272045825738
102811067334249462709966957727214166470883345801320659244136338460330812460606
998620085883606138330339074170199394973290814299618317255107034691718146525
5411627148405980961550372679544687554695495390213943961720230693444052446098
10772588306586611031332411747522633219968188534162686413588657994232243276767
112940810435847380173573263559454843149198690516549556630249740045622535288330
12454741948589683358695376253003350026281153291808990050389167476596461939757
25809875922812430347835692840706023580167742015319917150036172601709303384155
80673904593805597719782682119132592594487558367947665914760456797002270489420
21046552772179423312276440974003195991498248267372414285599294256037723709060
35347844386176781925657099013205900548624853239331270606654285261807699916631
4745243009762477183021853194213064033778346392970299518197917937114366154792
41202544172759774948499593119205202127476566760374327897186324289022012424930
89927727899870597089644543297462989771263063463702650052839833641872768532168
32527033523677057888169046968014148023221520386942124454015287954148959160928
79070612962368667856508145149461782226943936230804523108511471898816136481613
25634843013874401239509627405655446755067561695741467382137631723909314611572
23858316188313883099876626354105911168766455119338892241208773737352911209175
16580274451794767853797714029906756747908842610341406012739820785270657785694
24420678479346242247377925479358819026695001334253321355948000286984990410282
105579010936153517373635863261184510777636255123573760273207661563233633360616
95684701542132651722614632863728688521591255109448707079368167947786691364750
110148487702770428941607789263904460471573309307844256147229777692883201360890
90225353376744561353798140356155450453328714248781621354653469527099966893570
57259753178234951202568732666567556662110367105432503605159548367527540173116
15565976303600995762324821175577553752793920698910599863866751386592842832433
87151702922918327797489277554253898150921125995939402992223741466409194004057
44367496784470495827088884181571534320801747570028760386951636674814041779126
29373050659409817773216472680038745197837550567260119476060442126630554715341
92639778559689717584543069242504847629264895203635840375730431266973426481027
71617383480527154886172610437292587001589051684667381790749806758106534094489
95743351981608228402653091806146579828547810661601956074112766920321821997972
80883938334127099449037465787858749574384641338827421925473801326165712069123
73659740151108499008546472791081156918004805161897565467669918697446867289420
49550599398360568102282903278350224094957805325956793778237731397756413272249
81279823606912827723457830197089693447605875413961273755195386056545138364269
48131613971094618799884383758965042633086815819414579648645575131558138377237
2442681053255495515635019765457974268590891730322060380962556626576673208937
73101520286922000939272435849459169107115887375865269694214538116018624123753
76826978248187144527398044763987044169753799655703140080585209202271413717411
34368524907333308485249970221210270849293421140234398215890176633246882055867
37676980516441723516523049812697751853517166214291327445848210353827414061216
33007859198341381700952605707828609222838842934999259907164948817731214402685
45442611962414793303679335788923840055512484682983628497205937429152607103736
2985496249637040344963640260079369075646666349344479072185714471348660797914
14887597786806352757463308855175440543109632688661863869582423953137410080198
39810744466309836706252359792848340746407221040819490021068833834187446795305
3556479329915553017087070094191407386312222191711245071518616681367590086574
32587461148665441678750671653343244716139495579593244724131182115177045792823
38117749384271693833359890187844941374128671893612162451778675373642660907708
25009500430942476345095571433425989607292024334441088250787233224058722962751
41689422469265244571766832778296662769876304888114171202078108800434225611242
45728868495907404296749735915638424169384148809787414706304125634749360909659
31822838933597524682169125645539390630204432506821469653954659428626363082455
94017222932038842208313114694619630950389604311852950635959755471160505401183
34351429025463521924493383427131915269487119793449565446368494379959383721843
90433815302497944104231873869542189480027181041969227027268397257365721371346
48645079538253881353619133560934837808935607204738962614462973353919266930940
12498137950846074970112914255746310295044680948076908997997674084380674419613
95033126864608157620282211555112894085949089804836250264241485571644227816712
48851358775092351394517915425202489948849021003659042861393246393309557605529
14596978912297236884199057249621520149350185588235151727491352186591538091062
24956580163051534703581568520986879959633131356026310371848749012521219788573
55185291561105182826985190233211996121823439551321317509000341794976968305376
74722127549749906282763768701753159945835992846508971434726911262672409136789
64084324623187915030225519526559537611807458615358833757239783967780014799929
57336879713015503624542568075910284170790462255164197598780989000228997464225
58306448047019952653753988998401414321188358282204608924464351271637285194250
5857123168028552356602005279119021057867104574225704934858047495008045195741
11827066379300043459140552482997878850514025768448194383397643506759088779458
1992046329498406420256229757169098292859073569005061729890659613026005258076
104696595943861972519488493949464562136919592095873417273264988947134492782590
83709219305762800375230515475148638980515474574040483201064005626775411293754
114268309103864974106562931429986723704418488936893611186803761492317293756202
115396427665774620446231222957504148793104798737941007197401913647790753775761
75775245007000114156898150467649991801718740436232116855760633774219403596336
22216801871992821939365931497353924278378670300893328352829705578611157961193
72671898969365152491274532702046687254964996271733590375139147938826406838149
63159649320697311021736780109250419498799126072980848817597708457084099934885
11378320517616415958530985757429896477167622023642155935475528403347633744893
111851949290151575880059649837993564578668771081067151227029949432165005614285
48881819377208169185041939806692327380550084833912761458545125891633986564323
77257514943398782256767308689133263537620301373329362437070989149735996384076
7626188957554428995760250206866317565445791069161790897496196052140439484178
32513531206705443343843634181879353629641247017520392291246377744666871418516
3344442666499917459149928396288115661427853503666988945823833273566791231656
61312769948681664879622546307840848357634323486306874681416430160646971585490
91883508825993667810669907877893365584407618861474111425884623642893254124226
55032964786613942148939324153340648122463359964708088156183791898814583530856
44294944432053955245195687513861959099879727947928022036405710247862863838157
70775575120965527964264146302421809214661651683488449030584835078662305740870
83484991848876781488228731111583318773480936511660967935633437337155903013893
99390374149374875602786052046659269961443388844576343955446281290191747882072
81255020872733830552540626092174732954418595331399100076307759394761604843256
55860083811868361523749181772076278007212153392488867050640948389661990195081
51841444571146065790911064161218077748329813193726283639032988740927456865839
91107067453519078128612115244373270883050640330042992518287609139260625633817
100799140809808127390552602408941100042910639597457822221049711285958837449989
92311341273365591889446261417469699836812476064813232891567345926584871246552
4097892842135142088506763662967305194926916564033020871089550011378452314171
107361713821712325497329848057476669714009982485582282369803091930427412838877
22553412023900474564583138632362533465766359412015308987783670858582361499858
106658508435493170094173789549118605738235494468335433402254979411633486680196
43911283843711864254239889123926114562124011901325408686612770369567252421423
108270253654889109134371164089088461570078209774697582970689617178828161934950
101296077256578780816748966164830287056846353821140443015647336224647578867265
46800347838526687063006026272052067099993349865970840154331741819780514062675
83331546596325471144530782365925980284382610158384732740482543037727852211689
90336576272760864140491216050824956870525770769520407828510792353621750330218
78120687482773984872796300337123040564795514314962652039977501240117723845394
75889005801950278047089880681837420669531248374615927566764418955230814121369
106015082033844433358349428834605264714946445600966146243219797186429008232657
71961032019091876702181530060848762524754302200486428011015702064893211750122
68866915685827945289691547405085725690744270164139281402227649617885020889133
89420293129607134722576824580351774837076777083699585657566131878317471921379
109984807552898315228791673954248615128113576818350520808784098345184465399824
55939045956220460549309103469353237876237674289417675829717506494879276239153
17148489031783169930771699983600682181942458998516639071516099503233127979270
55438077445865068609894690677519739363489500542234580842910995020848998930448
115680189139985520919166077689486559961958178463440130302449505473444592516605
83478072900124381711247617423690108122347112945243154518894575158577720814842
95556896031248444748921874562036279057347330778079298059857122300922789541531
65539090098249924729772322285249296240133396236696275592324803504300718914371
36845606259306215779515615945715808087733998147830529388018325953004931191122
16962199594119208067647488198782023475630109431481082888180748948829665570122
23253322478226178490477735155462492593858796376434732727224873651549906151874
68187241566589667430025463603885778195527269397578581097196391229416071702874
92992337857104943927719242984276652406161807090419939796545497364488202510688
45327907060420742836781657303412264366056847744191008684199473557729260971850
39385797168717402660312700364444611793200241169945197112570850612922770520396
93393760244282803152744795642154946892972566858018550171416675041143596282837
55688940943931411458219608672621972351496945607943900276334444509528741903010
68896203042298511483770919797229396690000300440998179503089974693461924845946
86981936510758365205208662534649523086956059791696653191729544138163175545768
24791973931966681085805845214718432531286140990557627165525620573773790789713
96251661434198947694710123607397748089373999030961000384237989110220760052608
32139254193702381451584150481273277609496287681425468630317619567625235490232
79222990339691481429303282639465533609280233834869044627102395779383885509310
59805830913861375096435748771895524911375787187226726772417222501537312029028
26582194229549950882769958038227739896829146357367340037335247250871762537388
74349450924987645481400996203398534224297713292357461875027097565803924497589
54842748782519319102666047443652396133394050413851204318946112857617389437573
48213464171404549786620424023704368231652134668029990193461143777603810285914
36082106397784371159884797877902125297415977123114729852723861910657492769073
30013711924233702361129637733080186049058101492520173092723893754534246418714
96241202827465249387182144681046653900568312069776161213812616612146494380340
60158776556748969467333732278160396904997761026282606715115560492895966094535
49406018197515840432051434061820913220447407846496478056507404060220830442477
40351245165968957155456923904577791202791814878370972298214936319625482997718
30786709616009654351009176464494974843610043137212642750045142753396859945222
4447741543370261483241588662178233593690984168684704380594525356902193974372
51756594355090648485332257110598515172322195453819717619359694959866458638882
2049903425015195734644524047634823747786318032489305433891282169622923067125
98948109491373092343178268003480623708885882227499106258199929139126111658602
54276218933414335989106477626590493173798357971972731959065383279586095520137
92134490577464461041313403092676664591383359361182348467212153973343740903702
54925055470069190284268019501481883666314213305439403131621685218241808580553
101573335589742391658379855133998480041417180651005385395287487066375840155091
91627612762363960123754966536679616833314512257497717778273935703840781076704
114837015560402322076931471804273020361054525777340756656219772244610391451628
91607697581419570964909753691183025799527800431443995097086090838818311802213
15229249510198628987749074653926730152755251805090917972225598650101011574015
46181680196529025788262970217763315668843736600248017852424101769515088808520
76885426715691717502077719667310307923176783941700568029537759232720402760564
54826406098732190916014341250469432511417730885239362646200908689394332644573
105340794187794433995763069494368807271155310741520161187710649589803179580152
38546299205196346522942525280043038129204738046477777290110312902513309934304
106218659459938809737918144074800212928236031513956804919133104273968401229676
106174315068954885887777688241752964182318604468060540054653377468181535350546
88567190124215933981683488112970239745470180702523243145656944198872395188890
74129965630992651289877951056521998501594008921998731058536893918907996369171
70381621340002391117764675093839485706105668515797264017975883376270860672985
8366890289097646159979108223287228446171886434342164637802242953847677220359
27377903113798669242690591443462937266249080097075452534158603862174906142199
49177562407771017471692506565859172385201812980271867785372906777685023952962
58045307496449079219247147357040730290828908585496681728201552824521353669595
110259048184149479615904529168852069575636307069761854034966643015141963524296
49968918373204547636988076846131916922441845286638721797857732533026553693478
11362125722771841588377191352891829253308444730257676641635796621864127556353
75797237010603291946934683424887374813931650762487690612319934271543558079235
